  801
 0.000000E+00  0.694594E+00  0.000000E+00  0.000000E+00
 0.100000E-01  0.694594E+00  0.000000E+00  0.000000E+00
 0.200000E-01  0.694594E+00  0.000000E+00  0.000000E+00
 0.300000E-01  0.694594E+00  0.000000E+00  0.000000E+00
 0.400000E-01  0.694594E+00  0.000000E+00  0.000000E+00
 0.500000E-01  0.694594E+00  0.000000E+00  0.000000E+00
 0.600000E-01  0.694594E+00  0.000000E+00  0.000000E+00
 0.700000E-01  0.694594E+00  0.000000E+00  0.000000E+00
 0.800000E-01  0.694594E+00  0.000000E+00  0.000000E+00
 0.900000E-01  0.694594E+00  0.000000E+00  0.000000E+00
 0.100000E+00  0.694594E+00  0.000000E+00  0.000000E+00
 0.110000E+00  0.694594E+00  0.000000E+00  0.000000E+00
 0.120000E+00  0.694594E+00  0.000000E+00  0.000000E+00
 0.130000E+00  0.694594E+00  0.000000E+00  0.000000E+00
 0.140000E+00  0.694594E+00  0.000000E+00  0.000000E+00
 0.150000E+00  0.694594E+00  0.000000E+00  0.000000E+00
 0.160000E+00  0.694594E+00  0.000000E+00  0.000000E+00
 0.170000E+00  0.694594E+00  0.000000E+00  0.000000E+00
 0.180000E+00  0.694594E+00  0.000000E+00  0.000000E+00
 0.190000E+00  0.694594E+00  0.000000E+00  0.000000E+00
 0.200000E+00  0.694594E+00  0.000000E+00  0.000000E+00
 0.210000E+00  0.694594E+00  0.000000E+00  0.000000E+00
 0.220000E+00  0.694594E+00  0.000000E+00  0.000000E+00
 0.230000E+00  0.694594E+00  0.000000E+00  0.000000E+00
 0.240000E+00  0.694594E+00  0.000000E+00  0.000000E+00
 0.250000E+00  0.694594E+00  0.000000E+00  0.000000E+00
 0.260000E+00  0.694594E+00  0.000000E+00  0.000000E+00
 0.270000E+00  0.694594E+00  0.000000E+00  0.000000E+00
 0.280000E+00  0.694594E+00  0.000000E+00  0.000000E+00
 0.290000E+00  0.694594E+00  0.000000E+00  0.000000E+00
 0.300000E+00  0.694594E+00  0.000000E+00  0.000000E+00
 0.310000E+00  0.694594E+00  0.000000E+00  0.000000E+00
 0.320000E+00  0.694594E+00  0.000000E+00  0.000000E+00
 0.330000E+00  0.694594E+00  0.000000E+00  0.000000E+00
 0.340000E+00  0.694594E+00  0.000000E+00  0.000000E+00
 0.350000E+00  0.694594E+00  0.000000E+00  0.000000E+00
 0.360000E+00  0.694594E+00  0.000000E+00  0.000000E+00
 0.370000E+00  0.694594E+00  0.000000E+00  0.000000E+00
 0.380000E+00  0.694594E+00  0.000000E+00  0.000000E+00
 0.390000E+00  0.694594E+00  0.000000E+00  0.000000E+00
 0.400000E+00  0.694594E+00  0.000000E+00  0.000000E+00
 0.410000E+00  0.694594E+00  0.000000E+00  0.000000E+00
 0.420000E+00  0.694594E+00  0.000000E+00  0.000000E+00
 0.430000E+00  0.694594E+00  0.000000E+00  0.000000E+00
 0.440000E+00  0.694594E+00  0.000000E+00  0.000000E+00
 0.450000E+00  0.694594E+00  0.000000E+00  0.000000E+00
 0.460000E+00  0.694594E+00  0.000000E+00  0.000000E+00
 0.470000E+00  0.694594E+00  0.000000E+00  0.000000E+00
 0.480000E+00  0.694594E+00  0.000000E+00  0.000000E+00
 0.490000E+00  0.694594E+00  0.000000E+00  0.000000E+00
 0.500000E+00  0.694594E+00  0.000000E+00  0.000000E+00
 0.510000E+00  0.694594E+00  0.000000E+00  0.000000E+00
 0.520000E+00  0.694594E+00  0.000000E+00  0.000000E+00
 0.530000E+00  0.694594E+00  0.000000E+00  0.000000E+00
 0.540000E+00  0.694594E+00  0.000000E+00  0.000000E+00
 0.550000E+00  0.694594E+00  0.000000E+00  0.000000E+00
 0.560000E+00  0.694594E+00  0.000000E+00  0.000000E+00
 0.570000E+00  0.694594E+00  0.000000E+00  0.000000E+00
 0.580000E+00  0.694594E+00  0.000000E+00  0.000000E+00
 0.590000E+00  0.694594E+00  0.000000E+00  0.000000E+00
 0.600000E+00  0.694594E+00  0.000000E+00  0.000000E+00
 0.610000E+00  0.694594E+00  0.000000E+00  0.000000E+00
 0.620000E+00  0.694594E+00  0.000000E+00  0.000000E+00
 0.630000E+00  0.694594E+00  0.000000E+00  0.000000E+00
 0.640000E+00  0.694594E+00  0.000000E+00  0.000000E+00
 0.650000E+00  0.694594E+00  0.000000E+00  0.000000E+00
 0.660000E+00  0.694594E+00  0.000000E+00  0.000000E+00
 0.670000E+00  0.694594E+00  0.000000E+00  0.000000E+00
 0.680000E+00  0.694594E+00  0.000000E+00  0.000000E+00
 0.690000E+00  0.694594E+00  0.000000E+00  0.000000E+00
 0.700000E+00  0.694594E+00  0.000000E+00  0.000000E+00
 0.710000E+00  0.694594E+00  0.000000E+00  0.000000E+00
 0.720000E+00  0.694594E+00  0.000000E+00  0.000000E+00
 0.730000E+00  0.694594E+00  0.000000E+00  0.000000E+00
 0.740000E+00  0.694594E+00  0.000000E+00  0.000000E+00
 0.750000E+00  0.694594E+00  0.000000E+00  0.000000E+00
 0.760000E+00  0.694594E+00  0.000000E+00  0.000000E+00
 0.770000E+00  0.694594E+00  0.000000E+00  0.000000E+00
 0.780000E+00  0.694594E+00  0.000000E+00  0.000000E+00
 0.790000E+00  0.694594E+00  0.000000E+00  0.000000E+00
 0.800000E+00  0.694594E+00  0.000000E+00  0.000000E+00
 0.810000E+00  0.694594E+00  0.000000E+00  0.000000E+00
 0.820000E+00  0.694594E+00  0.000000E+00  0.000000E+00
 0.830000E+00  0.694594E+00  0.000000E+00  0.000000E+00
 0.840000E+00  0.694594E+00  0.000000E+00  0.000000E+00
 0.850000E+00  0.694594E+00  0.000000E+00  0.000000E+00
 0.860000E+00  0.694594E+00  0.000000E+00  0.000000E+00
 0.870000E+00  0.694594E+00  0.000000E+00  0.000000E+00
 0.880000E+00  0.694594E+00  0.000000E+00  0.000000E+00
 0.890000E+00  0.694594E+00  0.000000E+00  0.000000E+00
 0.900000E+00  0.694594E+00  0.000000E+00  0.000000E+00
 0.910000E+00  0.694594E+00  0.000000E+00  0.000000E+00
 0.920000E+00  0.694594E+00  0.000000E+00  0.000000E+00
 0.930000E+00  0.694594E+00  0.000000E+00  0.000000E+00
 0.940000E+00  0.694594E+00  0.000000E+00  0.000000E+00
 0.950000E+00  0.694594E+00  0.000000E+00  0.000000E+00
 0.960000E+00  0.694594E+00  0.000000E+00  0.000000E+00
 0.970000E+00  0.694594E+00  0.000000E+00  0.000000E+00
 0.980000E+00  0.694594E+00  0.000000E+00  0.000000E+00
 0.990000E+00  0.694594E+00  0.000000E+00  0.000000E+00
 0.100000E+01  0.694594E+00  0.000000E+00  0.000000E+00
 0.101000E+01  0.694594E+00  0.000000E+00  0.000000E+00
 0.102000E+01  0.694594E+00  0.000000E+00  0.000000E+00
 0.103000E+01  0.694594E+00  0.000000E+00  0.000000E+00
 0.104000E+01  0.694594E+00  0.000000E+00  0.000000E+00
 0.105000E+01  0.694594E+00  0.000000E+00  0.000000E+00
 0.106000E+01  0.694594E+00  0.000000E+00  0.000000E+00
 0.107000E+01  0.694594E+00  0.000000E+00  0.000000E+00
 0.108000E+01  0.694594E+00  0.000000E+00  0.000000E+00
 0.109000E+01  0.694594E+00  0.000000E+00  0.000000E+00
 0.110000E+01  0.694594E+00  0.000000E+00  0.000000E+00
 0.111000E+01  0.694594E+00  0.000000E+00  0.000000E+00
 0.112000E+01  0.694594E+00  0.000000E+00  0.000000E+00
 0.113000E+01  0.694594E+00  0.000000E+00  0.000000E+00
 0.114000E+01  0.694594E+00  0.000000E+00  0.000000E+00
 0.115000E+01  0.694594E+00  0.000000E+00  0.000000E+00
 0.116000E+01  0.694594E+00  0.000000E+00  0.000000E+00
 0.117000E+01  0.694594E+00  0.000000E+00  0.000000E+00
 0.118000E+01  0.694594E+00  0.000000E+00  0.000000E+00
 0.119000E+01  0.694594E+00  0.000000E+00  0.000000E+00
 0.120000E+01  0.694594E+00  0.000000E+00  0.000000E+00
 0.121000E+01  0.694594E+00  0.000000E+00  0.000000E+00
 0.122000E+01  0.694594E+00  0.000000E+00  0.000000E+00
 0.123000E+01  0.694594E+00  0.000000E+00  0.000000E+00
 0.124000E+01  0.694594E+00  0.000000E+00  0.000000E+00
 0.125000E+01  0.694594E+00  0.000000E+00  0.000000E+00
 0.126000E+01  0.694594E+00  0.000000E+00  0.000000E+00
 0.127000E+01  0.694594E+00  0.000000E+00  0.000000E+00
 0.128000E+01  0.694594E+00  0.000000E+00  0.000000E+00
 0.129000E+01  0.694594E+00  0.000000E+00  0.000000E+00
 0.130000E+01  0.694594E+00  0.000000E+00  0.000000E+00
 0.131000E+01  0.694594E+00  0.000000E+00  0.000000E+00
 0.132000E+01  0.694594E+00  0.000000E+00  0.000000E+00
 0.133000E+01  0.694594E+00  0.000000E+00  0.000000E+00
 0.134000E+01  0.694594E+00  0.000000E+00  0.000000E+00
 0.135000E+01  0.694594E+00  0.000000E+00  0.000000E+00
 0.136000E+01  0.694594E+00  0.000000E+00  0.000000E+00
 0.137000E+01  0.694594E+00  0.000000E+00  0.000000E+00
 0.138000E+01  0.694594E+00  0.000000E+00  0.000000E+00
 0.139000E+01  0.694594E+00  0.000000E+00  0.000000E+00
 0.140000E+01  0.694594E+00  0.000000E+00  0.000000E+00
 0.141000E+01  0.694594E+00  0.000000E+00  0.000000E+00
 0.142000E+01  0.694594E+00  0.000000E+00  0.000000E+00
 0.143000E+01  0.694594E+00  0.000000E+00  0.000000E+00
 0.144000E+01  0.694594E+00  0.000000E+00  0.000000E+00
 0.145000E+01  0.694594E+00  0.000000E+00  0.000000E+00
 0.146000E+01  0.694594E+00  0.000000E+00  0.000000E+00
 0.147000E+01  0.694594E+00  0.000000E+00  0.000000E+00
 0.148000E+01  0.694594E+00  0.000000E+00  0.000000E+00
 0.149000E+01  0.694594E+00  0.000000E+00  0.000000E+00
 0.150000E+01  0.694594E+00  0.000000E+00  0.000000E+00
 0.151000E+01  0.694594E+00  0.000000E+00  0.000000E+00
 0.152000E+01  0.694594E+00  0.000000E+00  0.000000E+00
 0.153000E+01  0.694594E+00  0.000000E+00  0.000000E+00
 0.154000E+01  0.694594E+00  0.000000E+00  0.000000E+00
 0.155000E+01  0.694594E+00  0.000000E+00  0.000000E+00
 0.156000E+01  0.694594E+00  0.000000E+00  0.000000E+00
 0.157000E+01  0.694594E+00  0.000000E+00  0.000000E+00
 0.158000E+01  0.694594E+00  0.000000E+00  0.000000E+00
 0.159000E+01  0.694594E+00  0.000000E+00  0.000000E+00
 0.160000E+01  0.694594E+00  0.000000E+00  0.000000E+00
 0.161000E+01  0.694594E+00  0.000000E+00  0.000000E+00
 0.162000E+01  0.694594E+00  0.000000E+00  0.000000E+00
 0.163000E+01  0.694594E+00  0.000000E+00  0.000000E+00
 0.164000E+01  0.694594E+00  0.000000E+00  0.000000E+00
 0.165000E+01  0.694594E+00  0.000000E+00  0.000000E+00
 0.166000E+01  0.694594E+00  0.000000E+00  0.000000E+00
 0.167000E+01  0.694594E+00  0.000000E+00  0.000000E+00
 0.168000E+01  0.694594E+00  0.000000E+00  0.000000E+00
 0.169000E+01  0.694594E+00  0.000000E+00  0.000000E+00
 0.170000E+01  0.694594E+00  0.000000E+00  0.000000E+00
 0.171000E+01  0.694594E+00  0.000000E+00  0.000000E+00
 0.172000E+01  0.694594E+00  0.000000E+00  0.000000E+00
 0.173000E+01  0.694594E+00  0.000000E+00  0.000000E+00
 0.174000E+01  0.694594E+00  0.000000E+00  0.000000E+00
 0.175000E+01  0.694594E+00  0.000000E+00  0.000000E+00
 0.176000E+01  0.694594E+00  0.000000E+00  0.000000E+00
 0.177000E+01  0.694594E+00  0.000000E+00  0.000000E+00
 0.178000E+01  0.694594E+00  0.000000E+00  0.000000E+00
 0.179000E+01  0.694594E+00  0.000000E+00  0.000000E+00
 0.180000E+01  0.694594E+00  0.000000E+00  0.000000E+00
 0.181000E+01  0.694594E+00  0.000000E+00  0.000000E+00
 0.182000E+01  0.694594E+00  0.000000E+00  0.000000E+00
 0.183000E+01  0.694594E+00  0.000000E+00  0.000000E+00
 0.184000E+01  0.694594E+00  0.000000E+00  0.000000E+00
 0.185000E+01  0.694594E+00  0.000000E+00  0.000000E+00
 0.186000E+01  0.694594E+00  0.000000E+00  0.000000E+00
 0.187000E+01  0.694594E+00  0.000000E+00  0.000000E+00
 0.188000E+01  0.694594E+00  0.000000E+00  0.000000E+00
 0.189000E+01  0.694594E+00  0.000000E+00  0.000000E+00
 0.190000E+01  0.694594E+00  0.000000E+00  0.000000E+00
 0.191000E+01  0.694594E+00  0.000000E+00  0.000000E+00
 0.192000E+01  0.694594E+00  0.000000E+00  0.000000E+00
 0.193000E+01  0.694594E+00  0.000000E+00  0.000000E+00
 0.194000E+01  0.694594E+00  0.000000E+00  0.000000E+00
 0.195000E+01  0.694594E+00  0.000000E+00  0.000000E+00
 0.196000E+01  0.694594E+00  0.000000E+00  0.000000E+00
 0.197000E+01  0.694594E+00  0.000000E+00  0.000000E+00
 0.198000E+01  0.694594E+00  0.000000E+00  0.000000E+00
 0.199000E+01  0.694594E+00  0.000000E+00  0.000000E+00
 0.200000E+01  0.694594E+00  0.000000E+00  0.000000E+00
 0.201000E+01  0.692858E+00  0.173648E+00  0.000000E+00
 0.202000E+01  0.691121E+00  0.173648E+00  0.000000E+00
 0.203000E+01  0.689385E+00  0.173648E+00  0.000000E+00
 0.204000E+01  0.687648E+00  0.173648E+00  0.000000E+00
 0.205000E+01  0.685912E+00  0.173648E+00  0.000000E+00
 0.206000E+01  0.684175E+00  0.173648E+00  0.000000E+00
 0.207000E+01  0.682439E+00  0.173648E+00  0.000000E+00
 0.208000E+01  0.680702E+00  0.173648E+00  0.000000E+00
 0.209000E+01  0.678966E+00  0.173648E+00  0.000000E+00
 0.210000E+01  0.677229E+00  0.173648E+00  0.000000E+00
 0.211000E+01  0.675493E+00  0.173648E+00  0.000000E+00
 0.212000E+01  0.673756E+00  0.173648E+00  0.000000E+00
 0.213000E+01  0.672020E+00  0.173648E+00  0.000000E+00
 0.214000E+01  0.670283E+00  0.173648E+00  0.000000E+00
 0.215000E+01  0.668547E+00  0.173648E+00  0.000000E+00
 0.216000E+01  0.666810E+00  0.173648E+00  0.000000E+00
 0.217000E+01  0.665074E+00  0.173648E+00  0.000000E+00
 0.218000E+01  0.663337E+00  0.173648E+00  0.000000E+00
 0.219000E+01  0.661601E+00  0.173648E+00  0.000000E+00
 0.220000E+01  0.659864E+00  0.173648E+00  0.000000E+00
 0.221000E+01  0.658128E+00  0.173648E+00  0.000000E+00
 0.222000E+01  0.656391E+00  0.173648E+00  0.000000E+00
 0.223000E+01  0.654655E+00  0.173648E+00  0.000000E+00
 0.224000E+01  0.652919E+00  0.173648E+00  0.000000E+00
 0.225000E+01  0.651182E+00  0.173648E+00  0.000000E+00
 0.226000E+01  0.649446E+00  0.173648E+00  0.000000E+00
 0.227000E+01  0.647709E+00  0.173648E+00  0.000000E+00
 0.228000E+01  0.645973E+00  0.173648E+00  0.000000E+00
 0.229000E+01  0.644236E+00  0.173648E+00  0.000000E+00
 0.230000E+01  0.642500E+00  0.173648E+00  0.000000E+00
 0.231000E+01  0.640763E+00  0.173648E+00  0.000000E+00
 0.232000E+01  0.639027E+00  0.173648E+00  0.000000E+00
 0.233000E+01  0.637290E+00  0.173648E+00  0.000000E+00
 0.234000E+01  0.635554E+00  0.173648E+00  0.000000E+00
 0.235000E+01  0.633817E+00  0.173648E+00  0.000000E+00
 0.236000E+01  0.632081E+00  0.173648E+00  0.000000E+00
 0.237000E+01  0.630344E+00  0.173648E+00  0.000000E+00
 0.238000E+01  0.628608E+00  0.173648E+00  0.000000E+00
 0.239000E+01  0.626871E+00  0.173648E+00  0.000000E+00
 0.240000E+01  0.625135E+00  0.173648E+00  0.000000E+00
 0.241000E+01  0.623398E+00  0.173648E+00  0.000000E+00
 0.242000E+01  0.621662E+00  0.173648E+00  0.000000E+00
 0.243000E+01  0.619925E+00  0.173648E+00  0.000000E+00
 0.244000E+01  0.618189E+00  0.173648E+00  0.000000E+00
 0.245000E+01  0.616452E+00  0.173648E+00  0.000000E+00
 0.246000E+01  0.614716E+00  0.173648E+00  0.000000E+00
 0.247000E+01  0.612979E+00  0.173648E+00  0.000000E+00
 0.248000E+01  0.611243E+00  0.173648E+00  0.000000E+00
 0.249000E+01  0.609507E+00  0.173648E+00  0.000000E+00
 0.250000E+01  0.607770E+00  0.173648E+00  0.000000E+00
 0.251000E+01  0.606034E+00  0.173648E+00  0.000000E+00
 0.252000E+01  0.604297E+00  0.173648E+00  0.000000E+00
 0.253000E+01  0.602561E+00  0.173648E+00  0.000000E+00
 0.254000E+01  0.600824E+00  0.173648E+00  0.000000E+00
 0.255000E+01  0.599088E+00  0.173648E+00  0.000000E+00
 0.256000E+01  0.597351E+00  0.173648E+00  0.000000E+00
 0.257000E+01  0.595615E+00  0.173648E+00  0.000000E+00
 0.258000E+01  0.593878E+00  0.173648E+00  0.000000E+00
 0.259000E+01  0.592142E+00  0.173648E+00  0.000000E+00
 0.260000E+01  0.590405E+00  0.173648E+00  0.000000E+00
 0.261000E+01  0.588669E+00  0.173648E+00  0.000000E+00
 0.262000E+01  0.586932E+00  0.173648E+00  0.000000E+00
 0.263000E+01  0.585196E+00  0.173648E+00  0.000000E+00
 0.264000E+01  0.583459E+00  0.173648E+00  0.000000E+00
 0.265000E+01  0.581723E+00  0.173648E+00  0.000000E+00
 0.266000E+01  0.579986E+00  0.173648E+00  0.000000E+00
 0.267000E+01  0.578250E+00  0.173648E+00  0.000000E+00
 0.268000E+01  0.576513E+00  0.173648E+00  0.000000E+00
 0.269000E+01  0.574777E+00  0.173648E+00  0.000000E+00
 0.270000E+01  0.573040E+00  0.173648E+00  0.000000E+00
 0.271000E+01  0.571304E+00  0.173648E+00  0.000000E+00
 0.272000E+01  0.569567E+00  0.173648E+00  0.000000E+00
 0.273000E+01  0.567831E+00  0.173648E+00  0.000000E+00
 0.274000E+01  0.566095E+00  0.173648E+00  0.000000E+00
 0.275000E+01  0.564358E+00  0.173648E+00  0.000000E+00
 0.276000E+01  0.562622E+00  0.173648E+00  0.000000E+00
 0.277000E+01  0.560885E+00  0.173648E+00  0.000000E+00
 0.278000E+01  0.559149E+00  0.173648E+00  0.000000E+00
 0.279000E+01  0.557412E+00  0.173648E+00  0.000000E+00
 0.280000E+01  0.555676E+00  0.173648E+00  0.000000E+00
 0.281000E+01  0.553939E+00  0.173648E+00  0.000000E+00
 0.282000E+01  0.552203E+00  0.173648E+00  0.000000E+00
 0.283000E+01  0.550466E+00  0.173648E+00  0.000000E+00
 0.284000E+01  0.548730E+00  0.173648E+00  0.000000E+00
 0.285000E+01  0.546993E+00  0.173648E+00  0.000000E+00
 0.286000E+01  0.545257E+00  0.173648E+00  0.000000E+00
 0.287000E+01  0.543520E+00  0.173648E+00  0.000000E+00
 0.288000E+01  0.541784E+00  0.173648E+00  0.000000E+00
 0.289000E+01  0.540047E+00  0.173648E+00  0.000000E+00
 0.290000E+01  0.538311E+00  0.173648E+00  0.000000E+00
 0.291000E+01  0.536574E+00  0.173648E+00  0.000000E+00
 0.292000E+01  0.534838E+00  0.173648E+00  0.000000E+00
 0.293000E+01  0.533101E+00  0.173648E+00  0.000000E+00
 0.294000E+01  0.531365E+00  0.173648E+00  0.000000E+00
 0.295000E+01  0.529628E+00  0.173648E+00  0.000000E+00
 0.296000E+01  0.527892E+00  0.173648E+00  0.000000E+00
 0.297000E+01  0.526155E+00  0.173648E+00  0.000000E+00
 0.298000E+01  0.524419E+00  0.173648E+00  0.000000E+00
 0.299000E+01  0.522683E+00  0.173648E+00  0.000000E+00
 0.300000E+01  0.520946E+00  0.173648E+00  0.000000E+00
 0.301000E+01  0.519210E+00  0.173648E+00  0.000000E+00
 0.302000E+01  0.517473E+00  0.173648E+00  0.000000E+00
 0.303000E+01  0.515737E+00  0.173648E+00  0.000000E+00
 0.304000E+01  0.514000E+00  0.173648E+00  0.000000E+00
 0.305000E+01  0.512264E+00  0.173648E+00  0.000000E+00
 0.306000E+01  0.510527E+00  0.173648E+00  0.000000E+00
 0.307000E+01  0.508791E+00  0.173648E+00  0.000000E+00
 0.308000E+01  0.507054E+00  0.173648E+00  0.000000E+00
 0.309000E+01  0.505318E+00  0.173648E+00  0.000000E+00
 0.310000E+01  0.503581E+00  0.173648E+00  0.000000E+00
 0.311000E+01  0.501845E+00  0.173648E+00  0.000000E+00
 0.312000E+01  0.500108E+00  0.173648E+00  0.000000E+00
 0.313000E+01  0.498372E+00  0.173648E+00  0.000000E+00
 0.314000E+01  0.496635E+00  0.173648E+00  0.000000E+00
 0.315000E+01  0.494899E+00  0.173648E+00  0.000000E+00
 0.316000E+01  0.493162E+00  0.173648E+00  0.000000E+00
 0.317000E+01  0.491426E+00  0.173648E+00  0.000000E+00
 0.318000E+01  0.489689E+00  0.173648E+00  0.000000E+00
 0.319000E+01  0.487953E+00  0.173648E+00  0.000000E+00
 0.320000E+01  0.486216E+00  0.173648E+00  0.000000E+00
 0.321000E+01  0.484480E+00  0.173648E+00  0.000000E+00
 0.322000E+01  0.482743E+00  0.173648E+00  0.000000E+00
 0.323000E+01  0.481007E+00  0.173648E+00  0.000000E+00
 0.324000E+01  0.479271E+00  0.173648E+00  0.000000E+00
 0.325000E+01  0.477534E+00  0.173648E+00  0.000000E+00
 0.326000E+01  0.475798E+00  0.173648E+00  0.000000E+00
 0.327000E+01  0.474061E+00  0.173648E+00  0.000000E+00
 0.328000E+01  0.472325E+00  0.173648E+00  0.000000E+00
 0.329000E+01  0.470588E+00  0.173648E+00  0.000000E+00
 0.330000E+01  0.468852E+00  0.173648E+00  0.000000E+00
 0.331000E+01  0.467115E+00  0.173648E+00  0.000000E+00
 0.332000E+01  0.465379E+00  0.173648E+00  0.000000E+00
 0.333000E+01  0.463642E+00  0.173648E+00  0.000000E+00
 0.334000E+01  0.461906E+00  0.173648E+00  0.000000E+00
 0.335000E+01  0.460169E+00  0.173648E+00  0.000000E+00
 0.336000E+01  0.458433E+00  0.173648E+00  0.000000E+00
 0.337000E+01  0.456696E+00  0.173648E+00  0.000000E+00
 0.338000E+01  0.454960E+00  0.173648E+00  0.000000E+00
 0.339000E+01  0.453223E+00  0.173648E+00  0.000000E+00
 0.340000E+01  0.451487E+00  0.173648E+00  0.000000E+00
 0.341000E+01  0.449750E+00  0.173648E+00  0.000000E+00
 0.342000E+01  0.448014E+00  0.173648E+00  0.000000E+00
 0.343000E+01  0.446277E+00  0.173648E+00  0.000000E+00
 0.344000E+01  0.444541E+00  0.173648E+00  0.000000E+00
 0.345000E+01  0.442804E+00  0.173648E+00  0.000000E+00
 0.346000E+01  0.441068E+00  0.173648E+00  0.000000E+00
 0.347000E+01  0.439331E+00  0.173648E+00  0.000000E+00
 0.348000E+01  0.437595E+00  0.173648E+00  0.000000E+00
 0.349000E+01  0.435859E+00  0.173648E+00  0.000000E+00
 0.350000E+01  0.434122E+00  0.173648E+00  0.000000E+00
 0.351000E+01  0.432386E+00  0.173648E+00  0.000000E+00
 0.352000E+01  0.430649E+00  0.173648E+00  0.000000E+00
 0.353000E+01  0.428913E+00  0.173648E+00  0.000000E+00
 0.354000E+01  0.427176E+00  0.173648E+00  0.000000E+00
 0.355000E+01  0.425440E+00  0.173648E+00  0.000000E+00
 0.356000E+01  0.423703E+00  0.173648E+00  0.000000E+00
 0.357000E+01  0.421967E+00  0.173648E+00  0.000000E+00
 0.358000E+01  0.420230E+00  0.173648E+00  0.000000E+00
 0.359000E+01  0.418494E+00  0.173648E+00  0.000000E+00
 0.360000E+01  0.416757E+00  0.173648E+00  0.000000E+00
 0.361000E+01  0.415021E+00  0.173648E+00  0.000000E+00
 0.362000E+01  0.413284E+00  0.173648E+00  0.000000E+00
 0.363000E+01  0.411548E+00  0.173648E+00  0.000000E+00
 0.364000E+01  0.409811E+00  0.173648E+00  0.000000E+00
 0.365000E+01  0.408075E+00  0.173648E+00  0.000000E+00
 0.366000E+01  0.406338E+00  0.173648E+00  0.000000E+00
 0.367000E+01  0.404602E+00  0.173648E+00  0.000000E+00
 0.368000E+01  0.402865E+00  0.173648E+00  0.000000E+00
 0.369000E+01  0.401129E+00  0.173648E+00  0.000000E+00
 0.370000E+01  0.399392E+00  0.173648E+00  0.000000E+00
 0.371000E+01  0.397656E+00  0.173648E+00  0.000000E+00
 0.372000E+01  0.395919E+00  0.173648E+00  0.000000E+00
 0.373000E+01  0.394183E+00  0.173648E+00  0.000000E+00
 0.374000E+01  0.392447E+00  0.173648E+00  0.000000E+00
 0.375000E+01  0.390710E+00  0.173648E+00  0.000000E+00
 0.376000E+01  0.388974E+00  0.173648E+00  0.000000E+00
 0.377000E+01  0.387237E+00  0.173648E+00  0.000000E+00
 0.378000E+01  0.385501E+00  0.173648E+00  0.000000E+00
 0.379000E+01  0.383764E+00  0.173648E+00  0.000000E+00
 0.380000E+01  0.382028E+00  0.173648E+00  0.000000E+00
 0.381000E+01  0.380291E+00  0.173648E+00  0.000000E+00
 0.382000E+01  0.378555E+00  0.173648E+00  0.000000E+00
 0.383000E+01  0.376818E+00  0.173648E+00  0.000000E+00
 0.384000E+01  0.375082E+00  0.173648E+00  0.000000E+00
 0.385000E+01  0.373345E+00  0.173648E+00  0.000000E+00
 0.386000E+01  0.371609E+00  0.173648E+00  0.000000E+00
 0.387000E+01  0.369872E+00  0.173648E+00  0.000000E+00
 0.388000E+01  0.368136E+00  0.173648E+00  0.000000E+00
 0.389000E+01  0.366399E+00  0.173648E+00  0.000000E+00
 0.390000E+01  0.364663E+00  0.173648E+00  0.000000E+00
 0.391000E+01  0.362926E+00  0.173648E+00  0.000000E+00
 0.392000E+01  0.361190E+00  0.173648E+00  0.000000E+00
 0.393000E+01  0.359453E+00  0.173648E+00  0.000000E+00
 0.394000E+01  0.357717E+00  0.173648E+00  0.000000E+00
 0.395000E+01  0.355980E+00  0.173648E+00  0.000000E+00
 0.396000E+01  0.354244E+00  0.173648E+00  0.000000E+00
 0.397000E+01  0.352507E+00  0.173648E+00  0.000000E+00
 0.398000E+01  0.350771E+00  0.173648E+00  0.000000E+00
 0.399000E+01  0.349035E+00  0.173648E+00  0.000000E+00
 0.400000E+01  0.347298E+00  0.173648E+00  0.000000E+00
 0.401000E+01  0.345562E+00  0.173648E+00  0.000000E+00
 0.402000E+01  0.343825E+00  0.173648E+00  0.000000E+00
 0.403000E+01  0.342089E+00  0.173648E+00  0.000000E+00
 0.404000E+01  0.340352E+00  0.173648E+00  0.000000E+00
 0.405000E+01  0.338616E+00  0.173648E+00  0.000000E+00
 0.406000E+01  0.336879E+00  0.173648E+00  0.000000E+00
 0.407000E+01  0.335143E+00  0.173648E+00  0.000000E+00
 0.408000E+01  0.333406E+00  0.173648E+00  0.000000E+00
 0.409000E+01  0.331670E+00  0.173648E+00  0.000000E+00
 0.410000E+01  0.329933E+00  0.173648E+00  0.000000E+00
 0.411000E+01  0.328197E+00  0.173648E+00  0.000000E+00
 0.412000E+01  0.326460E+00  0.173648E+00  0.000000E+00
 0.413000E+01  0.324724E+00  0.173648E+00  0.000000E+00
 0.414000E+01  0.322987E+00  0.173648E+00  0.000000E+00
 0.415000E+01  0.321251E+00  0.173648E+00  0.000000E+00
 0.416000E+01  0.319514E+00  0.173648E+00  0.000000E+00
 0.417000E+01  0.317778E+00  0.173648E+00  0.000000E+00
 0.418000E+01  0.316041E+00  0.173648E+00  0.000000E+00
 0.419000E+01  0.314305E+00  0.173648E+00  0.000000E+00
 0.420000E+01  0.312568E+00  0.173648E+00  0.000000E+00
 0.421000E+01  0.310832E+00  0.173648E+00  0.000000E+00
 0.422000E+01  0.309095E+00  0.173648E+00  0.000000E+00
 0.423000E+01  0.307359E+00  0.173648E+00  0.000000E+00
 0.424000E+01  0.305623E+00  0.173648E+00  0.000000E+00
 0.425000E+01  0.303886E+00  0.173648E+00  0.000000E+00
 0.426000E+01  0.302150E+00  0.173648E+00  0.000000E+00
 0.427000E+01  0.300413E+00  0.173648E+00  0.000000E+00
 0.428000E+01  0.298677E+00  0.173648E+00  0.000000E+00
 0.429000E+01  0.296940E+00  0.173648E+00  0.000000E+00
 0.430000E+01  0.295204E+00  0.173648E+00  0.000000E+00
 0.431000E+01  0.293467E+00  0.173648E+00  0.000000E+00
 0.432000E+01  0.291731E+00  0.173648E+00  0.000000E+00
 0.433000E+01  0.289994E+00  0.173648E+00  0.000000E+00
 0.434000E+01  0.288258E+00  0.173648E+00  0.000000E+00
 0.435000E+01  0.286521E+00  0.173648E+00  0.000000E+00
 0.436000E+01  0.284785E+00  0.173648E+00  0.000000E+00
 0.437000E+01  0.283048E+00  0.173648E+00  0.000000E+00
 0.438000E+01  0.281312E+00  0.173648E+00  0.000000E+00
 0.439000E+01  0.279575E+00  0.173648E+00  0.000000E+00
 0.440000E+01  0.277839E+00  0.173648E+00  0.000000E+00
 0.441000E+01  0.276102E+00  0.173648E+00  0.000000E+00
 0.442000E+01  0.274366E+00  0.173648E+00  0.000000E+00
 0.443000E+01  0.272629E+00  0.173648E+00  0.000000E+00
 0.444000E+01  0.270893E+00  0.173648E+00  0.000000E+00
 0.445000E+01  0.269156E+00  0.173648E+00  0.000000E+00
 0.446000E+01  0.267420E+00  0.173648E+00  0.000000E+00
 0.447000E+01  0.265683E+00  0.173648E+00  0.000000E+00
 0.448000E+01  0.263947E+00  0.173648E+00  0.000000E+00
 0.449000E+01  0.262211E+00  0.173648E+00  0.000000E+00
 0.450000E+01  0.260474E+00  0.173648E+00  0.000000E+00
 0.451000E+01  0.258738E+00  0.173648E+00  0.000000E+00
 0.452000E+01  0.257001E+00  0.173648E+00  0.000000E+00
 0.453000E+01  0.255265E+00  0.173648E+00  0.000000E+00
 0.454000E+01  0.253528E+00  0.173648E+00  0.000000E+00
 0.455000E+01  0.251792E+00  0.173648E+00  0.000000E+00
 0.456000E+01  0.250055E+00  0.173648E+00  0.000000E+00
 0.457000E+01  0.248319E+00  0.173648E+00  0.000000E+00
 0.458000E+01  0.246582E+00  0.173648E+00  0.000000E+00
 0.459000E+01  0.244846E+00  0.173648E+00  0.000000E+00
 0.460000E+01  0.243109E+00  0.173648E+00  0.000000E+00
 0.461000E+01  0.241373E+00  0.173648E+00  0.000000E+00
 0.462000E+01  0.239636E+00  0.173648E+00  0.000000E+00
 0.463000E+01  0.237900E+00  0.173648E+00  0.000000E+00
 0.464000E+01  0.236163E+00  0.173648E+00  0.000000E+00
 0.465000E+01  0.234427E+00  0.173648E+00  0.000000E+00
 0.466000E+01  0.232690E+00  0.173648E+00  0.000000E+00
 0.467000E+01  0.230954E+00  0.173648E+00  0.000000E+00
 0.468000E+01  0.229217E+00  0.173648E+00  0.000000E+00
 0.469000E+01  0.227481E+00  0.173648E+00  0.000000E+00
 0.470000E+01  0.225744E+00  0.173648E+00  0.000000E+00
 0.471000E+01  0.224008E+00  0.173648E+00  0.000000E+00
 0.472000E+01  0.222271E+00  0.173648E+00  0.000000E+00
 0.473000E+01  0.220535E+00  0.173648E+00  0.000000E+00
 0.474000E+01  0.218799E+00  0.173648E+00  0.000000E+00
 0.475000E+01  0.217062E+00  0.173648E+00  0.000000E+00
 0.476000E+01  0.215326E+00  0.173648E+00  0.000000E+00
 0.477000E+01  0.213589E+00  0.173648E+00  0.000000E+00
 0.478000E+01  0.211853E+00  0.173648E+00  0.000000E+00
 0.479000E+01  0.210116E+00  0.173648E+00  0.000000E+00
 0.480000E+01  0.208380E+00  0.173648E+00  0.000000E+00
 0.481000E+01  0.206643E+00  0.173648E+00  0.000000E+00
 0.482000E+01  0.204907E+00  0.173648E+00  0.000000E+00
 0.483000E+01  0.203170E+00  0.173648E+00  0.000000E+00
 0.484000E+01  0.201434E+00  0.173648E+00  0.000000E+00
 0.485000E+01  0.199697E+00  0.173648E+00  0.000000E+00
 0.486000E+01  0.197961E+00  0.173648E+00  0.000000E+00
 0.487000E+01  0.196224E+00  0.173648E+00  0.000000E+00
 0.488000E+01  0.194488E+00  0.173648E+00  0.000000E+00
 0.489000E+01  0.192751E+00  0.173648E+00  0.000000E+00
 0.490000E+01  0.191015E+00  0.173648E+00  0.000000E+00
 0.491000E+01  0.189278E+00  0.173648E+00  0.000000E+00
 0.492000E+01  0.187542E+00  0.173648E+00  0.000000E+00
 0.493000E+01  0.185805E+00  0.173648E+00  0.000000E+00
 0.494000E+01  0.184069E+00  0.173648E+00  0.000000E+00
 0.495000E+01  0.182332E+00  0.173648E+00  0.000000E+00
 0.496000E+01  0.180596E+00  0.173648E+00  0.000000E+00
 0.497000E+01  0.178859E+00  0.173648E+00  0.000000E+00
 0.498000E+01  0.177123E+00  0.173648E+00  0.000000E+00
 0.499000E+01  0.175387E+00  0.173648E+00  0.000000E+00
 0.500000E+01  0.173650E+00  0.173648E+00  0.000000E+00
 0.501000E+01  0.171914E+00  0.173648E+00  0.000000E+00
 0.502000E+01  0.170177E+00  0.173648E+00  0.000000E+00
 0.503000E+01  0.168441E+00  0.173648E+00  0.000000E+00
 0.504000E+01  0.166704E+00  0.173648E+00  0.000000E+00
 0.505000E+01  0.164968E+00  0.173648E+00  0.000000E+00
 0.506000E+01  0.163231E+00  0.173648E+00  0.000000E+00
 0.507000E+01  0.161495E+00  0.173648E+00  0.000000E+00
 0.508000E+01  0.159758E+00  0.173648E+00  0.000000E+00
 0.509000E+01  0.158022E+00  0.173648E+00  0.000000E+00
 0.510000E+01  0.156285E+00  0.173648E+00  0.000000E+00
 0.511000E+01  0.154549E+00  0.173648E+00  0.000000E+00
 0.512000E+01  0.152812E+00  0.173648E+00  0.000000E+00
 0.513000E+01  0.151076E+00  0.173648E+00  0.000000E+00
 0.514000E+01  0.149339E+00  0.173648E+00  0.000000E+00
 0.515000E+01  0.147603E+00  0.173648E+00  0.000000E+00
 0.516000E+01  0.145866E+00  0.173648E+00  0.000000E+00
 0.517000E+01  0.144130E+00  0.173648E+00  0.000000E+00
 0.518000E+01  0.142393E+00  0.173648E+00  0.000000E+00
 0.519000E+01  0.140657E+00  0.173648E+00  0.000000E+00
 0.520000E+01  0.138920E+00  0.173648E+00  0.000000E+00
 0.521000E+01  0.137184E+00  0.173648E+00  0.000000E+00
 0.522000E+01  0.135447E+00  0.173648E+00  0.000000E+00
 0.523000E+01  0.133711E+00  0.173648E+00  0.000000E+00
 0.524000E+01  0.131975E+00  0.173648E+00  0.000000E+00
 0.525000E+01  0.130238E+00  0.173648E+00  0.000000E+00
 0.526000E+01  0.128502E+00  0.173648E+00  0.000000E+00
 0.527000E+01  0.126765E+00  0.173648E+00  0.000000E+00
 0.528000E+01  0.125029E+00  0.173648E+00  0.000000E+00
 0.529000E+01  0.123292E+00  0.173648E+00  0.000000E+00
 0.530000E+01  0.121556E+00  0.173648E+00  0.000000E+00
 0.531000E+01  0.119819E+00  0.173648E+00  0.000000E+00
 0.532000E+01  0.118083E+00  0.173648E+00  0.000000E+00
 0.533000E+01  0.116346E+00  0.173648E+00  0.000000E+00
 0.534000E+01  0.114610E+00  0.173648E+00  0.000000E+00
 0.535000E+01  0.112873E+00  0.173648E+00  0.000000E+00
 0.536000E+01  0.111137E+00  0.173648E+00  0.000000E+00
 0.537000E+01  0.109400E+00  0.173648E+00  0.000000E+00
 0.538000E+01  0.107664E+00  0.173648E+00  0.000000E+00
 0.539000E+01  0.105927E+00  0.173648E+00  0.000000E+00
 0.540000E+01  0.104191E+00  0.173648E+00  0.000000E+00
 0.541000E+01  0.102454E+00  0.173648E+00  0.000000E+00
 0.542000E+01  0.100718E+00  0.173648E+00  0.000000E+00
 0.543000E+01  0.989814E-01  0.173648E+00  0.000000E+00
 0.544000E+01  0.972449E-01  0.173648E+00  0.000000E+00
 0.545000E+01  0.955084E-01  0.173648E+00  0.000000E+00
 0.546000E+01  0.937720E-01  0.173648E+00  0.000000E+00
 0.547000E+01  0.920355E-01  0.173648E+00  0.000000E+00
 0.548000E+01  0.902990E-01  0.173648E+00  0.000000E+00
 0.549000E+01  0.885625E-01  0.173648E+00  0.000000E+00
 0.550000E+01  0.868260E-01  0.173648E+00  0.000000E+00
 0.551000E+01  0.850896E-01  0.173648E+00  0.000000E+00
 0.552000E+01  0.833531E-01  0.173648E+00  0.000000E+00
 0.553000E+01  0.816166E-01  0.173648E+00  0.000000E+00
 0.554000E+01  0.798801E-01  0.173648E+00  0.000000E+00
 0.555000E+01  0.781436E-01  0.173648E+00  0.000000E+00
 0.556000E+01  0.764072E-01  0.173648E+00  0.000000E+00
 0.557000E+01  0.746707E-01  0.173648E+00  0.000000E+00
 0.558000E+01  0.729342E-01  0.173648E+00  0.000000E+00
 0.559000E+01  0.711977E-01  0.173648E+00  0.000000E+00
 0.560000E+01  0.694612E-01  0.173648E+00  0.000000E+00
 0.561000E+01  0.677248E-01  0.173648E+00  0.000000E+00
 0.562000E+01  0.659883E-01  0.173648E+00  0.000000E+00
 0.563000E+01  0.642518E-01  0.173648E+00  0.000000E+00
 0.564000E+01  0.625153E-01  0.173648E+00  0.000000E+00
 0.565000E+01  0.607788E-01  0.173648E+00  0.000000E+00
 0.566000E+01  0.590424E-01  0.173648E+00  0.000000E+00
 0.567000E+01  0.573059E-01  0.173648E+00  0.000000E+00
 0.568000E+01  0.555694E-01  0.173648E+00  0.000000E+00
 0.569000E+01  0.538329E-01  0.173648E+00  0.000000E+00
 0.570000E+01  0.520964E-01  0.173648E+00  0.000000E+00
 0.571000E+01  0.503600E-01  0.173648E+00  0.000000E+00
 0.572000E+01  0.486235E-01  0.173648E+00  0.000000E+00
 0.573000E+01  0.468870E-01  0.173648E+00  0.000000E+00
 0.574000E+01  0.451505E-01  0.173648E+00  0.000000E+00
 0.575000E+01  0.434140E-01  0.173648E+00  0.000000E+00
 0.576000E+01  0.416776E-01  0.173648E+00  0.000000E+00
 0.577000E+01  0.399411E-01  0.173648E+00  0.000000E+00
 0.578000E+01  0.382046E-01  0.173648E+00  0.000000E+00
 0.579000E+01  0.364681E-01  0.173648E+00  0.000000E+00
 0.580000E+01  0.347316E-01  0.173648E+00  0.000000E+00
 0.581000E+01  0.329952E-01  0.173648E+00  0.000000E+00
 0.582000E+01  0.312587E-01  0.173648E+00  0.000000E+00
 0.583000E+01  0.295222E-01  0.173648E+00  0.000000E+00
 0.584000E+01  0.277857E-01  0.173648E+00  0.000000E+00
 0.585000E+01  0.260492E-01  0.173648E+00  0.000000E+00
 0.586000E+01  0.243128E-01  0.173648E+00  0.000000E+00
 0.587000E+01  0.225763E-01  0.173648E+00  0.000000E+00
 0.588000E+01  0.208398E-01  0.173648E+00  0.000000E+00
 0.589000E+01  0.191033E-01  0.173648E+00  0.000000E+00
 0.590000E+01  0.173668E-01  0.173648E+00  0.000000E+00
 0.591000E+01  0.156304E-01  0.173648E+00  0.000000E+00
 0.592000E+01  0.138939E-01  0.173648E+00  0.000000E+00
 0.593000E+01  0.121574E-01  0.173648E+00  0.000000E+00
 0.594000E+01  0.104209E-01  0.173648E+00  0.000000E+00
 0.595000E+01  0.868445E-02  0.173648E+00  0.000000E+00
 0.596000E+01  0.694797E-02  0.173648E+00  0.000000E+00
 0.597000E+01  0.521149E-02  0.173648E+00  0.000000E+00
 0.598000E+01  0.347501E-02  0.173648E+00  0.000000E+00
 0.599000E+01  0.173853E-02  0.173648E+00  0.000000E+00
 0.600000E+01  0.204985E-05  0.173648E+00  0.000000E+00
 0.601000E+01  0.000000E+00  0.000000E+00  0.000000E+00
 0.602000E+01  0.000000E+00  0.000000E+00  0.000000E+00
 0.603000E+01  0.000000E+00  0.000000E+00  0.000000E+00
 0.604000E+01  0.000000E+00  0.000000E+00  0.000000E+00
 0.605000E+01  0.000000E+00  0.000000E+00  0.000000E+00
 0.606000E+01  0.000000E+00  0.000000E+00  0.000000E+00
 0.607000E+01  0.000000E+00  0.000000E+00  0.000000E+00
 0.608000E+01  0.000000E+00  0.000000E+00  0.000000E+00
 0.609000E+01  0.000000E+00  0.000000E+00  0.000000E+00
 0.610000E+01  0.000000E+00  0.000000E+00  0.000000E+00
 0.611000E+01  0.000000E+00  0.000000E+00  0.000000E+00
 0.612000E+01  0.000000E+00  0.000000E+00  0.000000E+00
 0.613000E+01  0.000000E+00  0.000000E+00  0.000000E+00
 0.614000E+01  0.000000E+00  0.000000E+00  0.000000E+00
 0.615000E+01  0.000000E+00  0.000000E+00  0.000000E+00
 0.616000E+01  0.000000E+00  0.000000E+00  0.000000E+00
 0.617000E+01  0.000000E+00  0.000000E+00  0.000000E+00
 0.618000E+01  0.000000E+00  0.000000E+00  0.000000E+00
 0.619000E+01  0.000000E+00  0.000000E+00  0.000000E+00
 0.620000E+01  0.000000E+00  0.000000E+00  0.000000E+00
 0.621000E+01  0.000000E+00  0.000000E+00  0.000000E+00
 0.622000E+01  0.000000E+00  0.000000E+00  0.000000E+00
 0.623000E+01  0.000000E+00  0.000000E+00  0.000000E+00
 0.624000E+01  0.000000E+00  0.000000E+00  0.000000E+00
 0.625000E+01  0.000000E+00  0.000000E+00  0.000000E+00
 0.626000E+01  0.000000E+00  0.000000E+00  0.000000E+00
 0.627000E+01  0.000000E+00  0.000000E+00  0.000000E+00
 0.628000E+01  0.000000E+00  0.000000E+00  0.000000E+00
 0.629000E+01  0.000000E+00  0.000000E+00  0.000000E+00
 0.630000E+01  0.000000E+00  0.000000E+00  0.000000E+00
 0.631000E+01  0.000000E+00  0.000000E+00  0.000000E+00
 0.632000E+01  0.000000E+00  0.000000E+00  0.000000E+00
 0.633000E+01  0.000000E+00  0.000000E+00  0.000000E+00
 0.634000E+01  0.000000E+00  0.000000E+00  0.000000E+00
 0.635000E+01  0.000000E+00  0.000000E+00  0.000000E+00
 0.636000E+01  0.000000E+00  0.000000E+00  0.000000E+00
 0.637000E+01  0.000000E+00  0.000000E+00  0.000000E+00
 0.638000E+01  0.000000E+00  0.000000E+00  0.000000E+00
 0.639000E+01  0.000000E+00  0.000000E+00  0.000000E+00
 0.640000E+01  0.000000E+00  0.000000E+00  0.000000E+00
 0.641000E+01  0.000000E+00  0.000000E+00  0.000000E+00
 0.642000E+01  0.000000E+00  0.000000E+00  0.000000E+00
 0.643000E+01  0.000000E+00  0.000000E+00  0.000000E+00
 0.644000E+01  0.000000E+00  0.000000E+00  0.000000E+00
 0.645000E+01  0.000000E+00  0.000000E+00  0.000000E+00
 0.646000E+01  0.000000E+00  0.000000E+00  0.000000E+00
 0.647000E+01  0.000000E+00  0.000000E+00  0.000000E+00
 0.648000E+01  0.000000E+00  0.000000E+00  0.000000E+00
 0.649000E+01  0.000000E+00  0.000000E+00  0.000000E+00
 0.650000E+01  0.000000E+00  0.000000E+00  0.000000E+00
 0.651000E+01  0.000000E+00  0.000000E+00  0.000000E+00
 0.652000E+01  0.000000E+00  0.000000E+00  0.000000E+00
 0.653000E+01  0.000000E+00  0.000000E+00  0.000000E+00
 0.654000E+01  0.000000E+00  0.000000E+00  0.000000E+00
 0.655000E+01  0.000000E+00  0.000000E+00  0.000000E+00
 0.656000E+01  0.000000E+00  0.000000E+00  0.000000E+00
 0.657000E+01  0.000000E+00  0.000000E+00  0.000000E+00
 0.658000E+01  0.000000E+00  0.000000E+00  0.000000E+00
 0.659000E+01  0.000000E+00  0.000000E+00  0.000000E+00
 0.660000E+01  0.000000E+00  0.000000E+00  0.000000E+00
 0.661000E+01  0.000000E+00  0.000000E+00  0.000000E+00
 0.662000E+01  0.000000E+00  0.000000E+00  0.000000E+00
 0.663000E+01  0.000000E+00  0.000000E+00  0.000000E+00
 0.664000E+01  0.000000E+00  0.000000E+00  0.000000E+00
 0.665000E+01  0.000000E+00  0.000000E+00  0.000000E+00
 0.666000E+01  0.000000E+00  0.000000E+00  0.000000E+00
 0.667000E+01  0.000000E+00  0.000000E+00  0.000000E+00
 0.668000E+01  0.000000E+00  0.000000E+00  0.000000E+00
 0.669000E+01  0.000000E+00  0.000000E+00  0.000000E+00
 0.670000E+01  0.000000E+00  0.000000E+00  0.000000E+00
 0.671000E+01  0.000000E+00  0.000000E+00  0.000000E+00
 0.672000E+01  0.000000E+00  0.000000E+00  0.000000E+00
 0.673000E+01  0.000000E+00  0.000000E+00  0.000000E+00
 0.674000E+01  0.000000E+00  0.000000E+00  0.000000E+00
 0.675000E+01  0.000000E+00  0.000000E+00  0.000000E+00
 0.676000E+01  0.000000E+00  0.000000E+00  0.000000E+00
 0.677000E+01  0.000000E+00  0.000000E+00  0.000000E+00
 0.678000E+01  0.000000E+00  0.000000E+00  0.000000E+00
 0.679000E+01  0.000000E+00  0.000000E+00  0.000000E+00
 0.680000E+01  0.000000E+00  0.000000E+00  0.000000E+00
 0.681000E+01  0.000000E+00  0.000000E+00  0.000000E+00
 0.682000E+01  0.000000E+00  0.000000E+00  0.000000E+00
 0.683000E+01  0.000000E+00  0.000000E+00  0.000000E+00
 0.684000E+01  0.000000E+00  0.000000E+00  0.000000E+00
 0.685000E+01  0.000000E+00  0.000000E+00  0.000000E+00
 0.686000E+01  0.000000E+00  0.000000E+00  0.000000E+00
 0.687000E+01  0.000000E+00  0.000000E+00  0.000000E+00
 0.688000E+01  0.000000E+00  0.000000E+00  0.000000E+00
 0.689000E+01  0.000000E+00  0.000000E+00  0.000000E+00
 0.690000E+01  0.000000E+00  0.000000E+00  0.000000E+00
 0.691000E+01  0.000000E+00  0.000000E+00  0.000000E+00
 0.692000E+01  0.000000E+00  0.000000E+00  0.000000E+00
 0.693000E+01  0.000000E+00  0.000000E+00  0.000000E+00
 0.694000E+01  0.000000E+00  0.000000E+00  0.000000E+00
 0.695000E+01  0.000000E+00  0.000000E+00  0.000000E+00
 0.696000E+01  0.000000E+00  0.000000E+00  0.000000E+00
 0.697000E+01  0.000000E+00  0.000000E+00  0.000000E+00
 0.698000E+01  0.000000E+00  0.000000E+00  0.000000E+00
 0.699000E+01  0.000000E+00  0.000000E+00  0.000000E+00
 0.700000E+01  0.000000E+00  0.000000E+00  0.000000E+00
 0.701000E+01  0.000000E+00  0.000000E+00  0.000000E+00
 0.702000E+01  0.000000E+00  0.000000E+00  0.000000E+00
 0.703000E+01  0.000000E+00  0.000000E+00  0.000000E+00
 0.704000E+01  0.000000E+00  0.000000E+00  0.000000E+00
 0.705000E+01  0.000000E+00  0.000000E+00  0.000000E+00
 0.706000E+01  0.000000E+00  0.000000E+00  0.000000E+00
 0.707000E+01  0.000000E+00  0.000000E+00  0.000000E+00
 0.708000E+01  0.000000E+00  0.000000E+00  0.000000E+00
 0.709000E+01  0.000000E+00  0.000000E+00  0.000000E+00
 0.710000E+01  0.000000E+00  0.000000E+00  0.000000E+00
 0.711000E+01  0.000000E+00  0.000000E+00  0.000000E+00
 0.712000E+01  0.000000E+00  0.000000E+00  0.000000E+00
 0.713000E+01  0.000000E+00  0.000000E+00  0.000000E+00
 0.714000E+01  0.000000E+00  0.000000E+00  0.000000E+00
 0.715000E+01  0.000000E+00  0.000000E+00  0.000000E+00
 0.716000E+01  0.000000E+00  0.000000E+00  0.000000E+00
 0.717000E+01  0.000000E+00  0.000000E+00  0.000000E+00
 0.718000E+01  0.000000E+00  0.000000E+00  0.000000E+00
 0.719000E+01  0.000000E+00  0.000000E+00  0.000000E+00
 0.720000E+01  0.000000E+00  0.000000E+00  0.000000E+00
 0.721000E+01  0.000000E+00  0.000000E+00  0.000000E+00
 0.722000E+01  0.000000E+00  0.000000E+00  0.000000E+00
 0.723000E+01  0.000000E+00  0.000000E+00  0.000000E+00
 0.724000E+01  0.000000E+00  0.000000E+00  0.000000E+00
 0.725000E+01  0.000000E+00  0.000000E+00  0.000000E+00
 0.726000E+01  0.000000E+00  0.000000E+00  0.000000E+00
 0.727000E+01  0.000000E+00  0.000000E+00  0.000000E+00
 0.728000E+01  0.000000E+00  0.000000E+00  0.000000E+00
 0.729000E+01  0.000000E+00  0.000000E+00  0.000000E+00
 0.730000E+01  0.000000E+00  0.000000E+00  0.000000E+00
 0.731000E+01  0.000000E+00  0.000000E+00  0.000000E+00
 0.732000E+01  0.000000E+00  0.000000E+00  0.000000E+00
 0.733000E+01  0.000000E+00  0.000000E+00  0.000000E+00
 0.734000E+01  0.000000E+00  0.000000E+00  0.000000E+00
 0.735000E+01  0.000000E+00  0.000000E+00  0.000000E+00
 0.736000E+01  0.000000E+00  0.000000E+00  0.000000E+00
 0.737000E+01  0.000000E+00  0.000000E+00  0.000000E+00
 0.738000E+01  0.000000E+00  0.000000E+00  0.000000E+00
 0.739000E+01  0.000000E+00  0.000000E+00  0.000000E+00
 0.740000E+01  0.000000E+00  0.000000E+00  0.000000E+00
 0.741000E+01  0.000000E+00  0.000000E+00  0.000000E+00
 0.742000E+01  0.000000E+00  0.000000E+00  0.000000E+00
 0.743000E+01  0.000000E+00  0.000000E+00  0.000000E+00
 0.744000E+01  0.000000E+00  0.000000E+00  0.000000E+00
 0.745000E+01  0.000000E+00  0.000000E+00  0.000000E+00
 0.746000E+01  0.000000E+00  0.000000E+00  0.000000E+00
 0.747000E+01  0.000000E+00  0.000000E+00  0.000000E+00
 0.748000E+01  0.000000E+00  0.000000E+00  0.000000E+00
 0.749000E+01  0.000000E+00  0.000000E+00  0.000000E+00
 0.750000E+01  0.000000E+00  0.000000E+00  0.000000E+00
 0.751000E+01  0.000000E+00  0.000000E+00  0.000000E+00
 0.752000E+01  0.000000E+00  0.000000E+00  0.000000E+00
 0.753000E+01  0.000000E+00  0.000000E+00  0.000000E+00
 0.754000E+01  0.000000E+00  0.000000E+00  0.000000E+00
 0.755000E+01  0.000000E+00  0.000000E+00  0.000000E+00
 0.756000E+01  0.000000E+00  0.000000E+00  0.000000E+00
 0.757000E+01  0.000000E+00  0.000000E+00  0.000000E+00
 0.758000E+01  0.000000E+00  0.000000E+00  0.000000E+00
 0.759000E+01  0.000000E+00  0.000000E+00  0.000000E+00
 0.760000E+01  0.000000E+00  0.000000E+00  0.000000E+00
 0.761000E+01  0.000000E+00  0.000000E+00  0.000000E+00
 0.762000E+01  0.000000E+00  0.000000E+00  0.000000E+00
 0.763000E+01  0.000000E+00  0.000000E+00  0.000000E+00
 0.764000E+01  0.000000E+00  0.000000E+00  0.000000E+00
 0.765000E+01  0.000000E+00  0.000000E+00  0.000000E+00
 0.766000E+01  0.000000E+00  0.000000E+00  0.000000E+00
 0.767000E+01  0.000000E+00  0.000000E+00  0.000000E+00
 0.768000E+01  0.000000E+00  0.000000E+00  0.000000E+00
 0.769000E+01  0.000000E+00  0.000000E+00  0.000000E+00
 0.770000E+01  0.000000E+00  0.000000E+00  0.000000E+00
 0.771000E+01  0.000000E+00  0.000000E+00  0.000000E+00
 0.772000E+01  0.000000E+00  0.000000E+00  0.000000E+00
 0.773000E+01  0.000000E+00  0.000000E+00  0.000000E+00
 0.774000E+01  0.000000E+00  0.000000E+00  0.000000E+00
 0.775000E+01  0.000000E+00  0.000000E+00  0.000000E+00
 0.776000E+01  0.000000E+00  0.000000E+00  0.000000E+00
 0.777000E+01  0.000000E+00  0.000000E+00  0.000000E+00
 0.778000E+01  0.000000E+00  0.000000E+00  0.000000E+00
 0.779000E+01  0.000000E+00  0.000000E+00  0.000000E+00
 0.780000E+01  0.000000E+00  0.000000E+00  0.000000E+00
 0.781000E+01  0.000000E+00  0.000000E+00  0.000000E+00
 0.782000E+01  0.000000E+00  0.000000E+00  0.000000E+00
 0.783000E+01  0.000000E+00  0.000000E+00  0.000000E+00
 0.784000E+01  0.000000E+00  0.000000E+00  0.000000E+00
 0.785000E+01  0.000000E+00  0.000000E+00  0.000000E+00
 0.786000E+01  0.000000E+00  0.000000E+00  0.000000E+00
 0.787000E+01  0.000000E+00  0.000000E+00  0.000000E+00
 0.788000E+01  0.000000E+00  0.000000E+00  0.000000E+00
 0.789000E+01  0.000000E+00  0.000000E+00  0.000000E+00
 0.790000E+01  0.000000E+00  0.000000E+00  0.000000E+00
 0.791000E+01  0.000000E+00  0.000000E+00  0.000000E+00
 0.792000E+01  0.000000E+00  0.000000E+00  0.000000E+00
 0.793000E+01  0.000000E+00  0.000000E+00  0.000000E+00
 0.794000E+01  0.000000E+00  0.000000E+00  0.000000E+00
 0.795000E+01  0.000000E+00  0.000000E+00  0.000000E+00
 0.796000E+01  0.000000E+00  0.000000E+00  0.000000E+00
 0.797000E+01  0.000000E+00  0.000000E+00  0.000000E+00
 0.798000E+01  0.000000E+00  0.000000E+00  0.000000E+00
 0.799000E+01  0.000000E+00  0.000000E+00  0.000000E+00
 0.800000E+01  0.000000E+00  0.000000E+00  0.000000E+00
